0.798629909701275
0.674179373148531
0.927670460942903
0.935569709332826
1.61354383479575
1.33720818763075
1.5698773664423
1.15533191630123
0.916301282016442
1.16455740291036
1.09214661298532
1.1091805486758
1.35349068791699
0.65966791827281
1.88929201823189
0.806466837169532
0.702061327053301
1.45653221201473
0.702360026119632
1.35434781417617
1.65682458279963
1.4895486449026
1.0573674994074
1.42499018213645
0.939138491374463
0.809223518262729
0.973709844197439
0.983912337585151
0.815173854201161
0.894698354124647
1.82158906307686
1.13625396735748
0.688623804744308
0.997425752981201
1.1217722700802
0.682851272203181
0.749184538466578
0.70275765139822
0.946630871833926
1.5180789320492
0.856085667430451
0.81614334855261
0.912958312643503
1.24208856160584
0.851076667133129
0.750509695341476
1.31818528434376
0.775416070025291
1.87732073706516
1.35142911151557
1.25625409537009
0.980846798453901
1.32429497032999
0.600927917864872
0.964687086791695
1.15379100043856
1.22541090157124
0.755541185651999
1.29570236844514
0.762145001785587
1.49286336587078
0.701267893617053
1.60893587503838
1.41211363261734
1.32453079152892
0.733584131684737
1.50719058673955
0.697095644357061
1.64658352800124
0.903955969474686
1.21193681253397
0.666619716671481
1.2544214503268
0.986047263619716
1.13231152381331
1.69761817139811
1.45274230972381
1.2714710264003
0.775549695883043
1.26658816573345
0.698256586687851
0.950041137124624
0.825621472601539
1.12057063626218
1.07659749857895
0.951741312955256
1.15511103701504
1.17054712069614
1.53028824330686
0.728095114935688
0.804451389528757
1.52017773193985
0.692883794283893
0.737454762952273
0.738246497399931
1.65654117683676
0.90981883931031
1.00693013940038
1.84717639414597
1.60579056712613
