1.91590114564522
1.68490886770749
2.11444378925041
2.1582597972354
3.06146944613892
2.68505648387109
3.06354087460567
2.42725009404185
2.1113954449238
2.57521876188803
2.40571317968677
2.40816174154204
2.81836936318578
1.68846626628377
3.25836672809102
1.96470167303693
1.74065726847664
2.87950927874018
1.82169228645641
2.81214072267294
3.08152209725127
2.91387643295161
2.38875162556058
2.90682561128558
2.18516339182917
1.93279402785863
2.27146363765259
2.2406961477491
1.97795259165106
2.04564073775792
3.3494207396871
2.46102007536637
1.76222341601277
2.21624718341001
2.45558958303124
1.73096611990947
1.88418712786565
1.74332456262789
2.17622819665758
2.97436331912784
2.11424010318171
1.95521206563584
2.15696903711429
2.52071752701016
2.0073261688371
1.84718132751438
2.76612761404948
1.80125291426143
3.36332128664493
2.70002041032832
2.70177709264378
2.13034756059851
2.66012857006093
1.6049955557873
2.07806058844812
2.460627654538
2.52139504508013
1.84111258611219
2.60786111122543
1.88316333781636
2.96774822547642
1.77786130292123
3.08801358583272
2.81653126256818
2.67238066535456
1.752564838887
2.96382699528411
1.79550058312898
3.12316727093026
2.1009928179456
2.64754431402719
1.70065256695596
2.57506051202477
2.189471449849
2.49257006840836
3.19187667396381
2.89480972308072
2.64154505177684
1.88665311981262
2.63992920262669
1.72127623988737
2.21459514161486
1.96181841210641
2.44845985470365
2.33030728322238
2.21518804360074
2.40473429705916
2.43368132213392
3.00518313177717
1.85049930905031
1.9088194156976
3.00026526873436
1.70447174726153
1.8811627386391
1.77110805048876
3.13759198322103
2.15526025752587
2.21231463092539
3.38895019468706
3.07999885161499
