0.361005974633435,5238299.41367506,0.592402785616761,0.62960469475488,0.0522707255365677,0.402072605494328,0.210410561952115,0.622620172295331,59.1390144910429,3.96493145896671,9.65958473816454,5788824.45996626
0.347892681177562,4857856.26755457,0.572494954066547,0.635728613578578,0.0480725004689591,0.406842900466589,0.208745630681178,0.596229970041762,62.6669064180749,3.8192343434747,9.53495090440693,5994157.88869241
0.336723561280813,4773558.26533598,0.569382774955025,0.640447708508561,0.0498611342034883,0.419198038957838,0.205440931087086,0.639525539401626,62.7670833178135,3.89167379715298,10.2425905358276,6146269.42012293
0.350459277283951,5037496.99748786,0.586687793349444,0.613995319519984,0.0483551131790539,0.387552165123767,0.217272175220504,0.592761523927123,59.332349887131,4.01182306973188,10.2747824370283,6035333.94689135
0.35748683045601,4931530.70652352,0.5759231244759,0.643966011967864,0.0497259458921347,0.405856256766135,0.213047088762435,0.589562763359806,57.5789498704123,3.99193617642276,10.1729592226515,6230769.80321996
0.348525052698987,5194323.9401437,0.591902810175703,0.600949335749987,0.0524021337027481,0.405243327911746,0.204767076849992,0.596723487918788,60.6498483607331,3.84394702285669,9.97270360821752,6291637.12470511
0.365024323849882,4876837.93905172,0.542768806706742,0.62599219828077,0.0524629268211343,0.392124254710692,0.202960861181858,0.611401280898001,59.1612353681025,4.09050888769809,9.9603307003905,6181754.35211028
0.345472320024971,4906618.55205075,0.590897023002208,0.603920563233795,0.049466834155342,0.400723159942707,0.215117440213168,0.607884701202508,60.8437790648347,4.07290028981835,9.58242281010132,5758007.99380345
0.333281771885819,5073178.68694914,0.542067491389953,0.60761419571343,0.0510593210114584,0.409888302067755,0.21769146038014,0.633335764779787,58.9013380354394,3.95864425535755,10.1844200912647,5915119.03901861
0.353791729994747,4851910.93040118,0.558089841827537,0.634410848724665,0.0491328144221034,0.416053738853873,0.219514122305193,0.647316770307438,57.838358134075,4.10910820980024,9.85353468277023,6198888.50904405
0.35344013098402,5047476.01423427,0.546680075028253,0.652313669268953,0.0486798261019202,0.415072199750638,0.216476013968996,0.621422865213496,60.0742421566798,3.8309980153832,9.78689148238917,5930464.7737072
0.365243655206189,4936584.30759436,0.560642600193013,0.639451047158212,0.0489827156321928,0.400896992960684,0.203232766380398,0.594437843120649,59.8167596090119,3.94967258682852,10.0354513842222,6085152.44804352
0.335170989371886,4837859.588981,0.588919961442029,0.603175198078248,0.0507224144920294,0.417919861066826,0.212498934899859,0.626159493255711,57.131052442001,4.08429297833865,9.90790939367781,6249773.14605696
0.346736517493488,5107362.3943259,0.587966079747008,0.658392614535828,0.0514444604578473,0.419638730427512,0.202361864457438,0.598535017435143,59.2689244118498,3.81380239902294,10.4775113450217,5882131.2291579
0.35914800692172,4898098.23270823,0.570535807147786,0.622287846222268,0.0519587607509779,0.40786433167711,0.209036785311584,0.639073276874417,62.437297391301,3.80062035186596,10.2103864309885,5781004.43617772
0.337211150411091,5124742.55422174,0.566377652199464,0.656063320164314,0.0478915470602483,0.400152933490425,0.20418109361797,0.645741127248504,58.1130547471723,3.91644093061656,10.0908373365002,5922048.14392044
0.348224108209957,4965028.54409189,0.559608674330345,0.612909324310075,0.0485956157740259,0.411219984251506,0.213215099149888,0.627412766642166,60.688313280074,3.85640795226199,10.3191741132984,5989691.58500222
0.341426135267626,4916878.30390847,0.553437272313015,0.648743229150449,0.0475719552867034,0.381030489824136,0.217779611186011,0.618217294228426,61.3357145000788,4.09386114837969,9.63913289203935,5840118.77286205
0.358289199223423,4893264.47409256,0.575312906418372,0.650627497361781,0.0480259264763721,0.383165622241864,0.209777341403257,0.624503605208276,61.7110463523358,3.87674254828571,10.3435860642957,6265014.38257636
0.359727601018957,4956019.6618775,0.554229898932001,0.655730072078556,0.0520954990917137,0.406698821413122,0.20108327540201,0.59901067695025,62.7540354236011,4.03657127881146,9.70193123082398,6027739.91935511
0.335411600852882,4987507.90568007,0.550614583951966,0.608139337181407,0.0481552055340761,0.413298623255119,0.207679391240152,0.65037478044131,62.1438443631947,3.84592679317821,9.79100771735329,6083691.70030015
0.349422491696303,5158401.01354426,0.571514849084338,0.632575152683355,0.0505935652304563,0.404079350638737,0.211425614468605,0.589791536766829,59.0482417710613,3.88521795601186,10.2056324510193,5957873.84798177
0.342647754218995,4760771.39897152,0.568321135073103,0.643649120609287,0.0506258279935241,0.401403907226914,0.206286750710812,0.616454935133061,61.2303442358121,3.82222308578866,9.74230210075401,6037956.86941923
0.363691268488315,5181204.52137155,0.562453402496366,0.645697289000184,0.0482907485456547,0.409470428987965,0.213558119044231,0.604537762711035,61.9927084661082,4.16019833757828,10.3345149827421,5806089.20718628
0.360439930019631,5136596.24469717,0.575072053782626,0.623956258705888,0.0517655525312706,0.416600409553971,0.210991832427731,0.608602767384044,61.6628594330913,3.83459901481138,10.0827843041582,6127789.3734515
0.338115359661757,4868032.19111868,0.542359542719172,0.649460924327894,0.0511129634098408,0.384237961585385,0.214746667156385,0.643182595007917,58.6845850416391,4.15606763932632,10.4163447375328,5771982.38173535
0.364675692246756,4977103.48101849,0.561997869628646,0.657396090545816,0.0512158760991107,0.382579896196916,0.200376948663323,0.619392582884264,59.4741837057944,4.06571813666879,9.68033325974909,6042258.07458406
0.334378686219426,5210648.8492097,0.5453922471604,0.609165711402594,0.0510278074993509,0.409119146453563,0.207995098531113,0.637106794854702,61.768158361893,4.04656372814874,9.72515750442839,6299589.66557084
0.355747967650807,5098455.60342914,0.582098010588954,0.654050304977871,0.0490294801020935,0.396958025010451,0.215607963878922,0.641103940607255,61.3990999831379,3.92289502528882,10.4284436898343,6061688.80846563
0.352448533278971,4776997.01871149,0.547823910306288,0.659622620483967,0.0523553081649961,0.389584262066262,0.206509026186716,0.595026020713822,60.2918346474928,4.11473908881076,10.0276500850895,5901279.64730792
0.350189469545835,4800579.51393792,0.551794181630478,0.62472931999589,0.0488723820492383,0.383374219646296,0.208319962784194,0.630429666697349,58.4491462913366,3.99238162763891,9.9376805201249,6094604.14009913
0.338555410241923,5030228.21802246,0.549679049966678,0.644786870209189,0.0498205909673088,0.4080222817435,0.220496046563938,0.603774117236972,60.9387389598911,4.10470895952819,9.80283683190829,6239263.20315357
0.349254544365357,5080532.94558313,0.567349242927526,0.630927603053788,0.0521254036763396,0.408622992121514,0.203411479032021,0.626647333904297,58.2155955111099,4.09662578959311,9.98322449876597,6243912.21230319
0.341757004175981,4973543.90849852,0.577527838593184,0.642455124661806,0.0503328474131487,0.383694693980099,0.216544262455231,0.624276988956745,62.3260749153533,3.93027201083487,9.57877871738321,5791829.57733928
0.362946125631952,5002366.09907341,0.587278127410729,0.599811398080908,0.0508631722804654,0.388628771444041,0.21219344964505,0.609932556834397,59.8709737001184,4.01893801408265,10.2967688679129,5909138.61029206
0.355031579336831,4993674.21099361,0.545658184053538,0.635534795075387,0.0503574270725578,0.390967046285273,0.218817819158107,0.614397927328375,57.2962840631965,4.13291552771863,10.1953039932712,5941258.75665337
0.339463531918756,5205798.2923281,0.585124793391466,0.653072362565585,0.0509451963825403,0.410365810272034,0.20563730616517,0.612613022677419,59.7154525657225,4.11748568184157,10.0580067214388,5965463.18907142
0.351836234058612,4862004.64330879,0.586145841784273,0.650937384797697,0.0476688598510142,0.386333071749183,0.210446021654201,0.599674382916754,57.4838280140146,4.04315812044841,9.77280597314908,5984966.52705199
0.351428207374086,5125751.4794385,0.563141978349065,0.649759518205992,0.0483116364856002,0.384979271773839,0.218031164494991,0.615958042829091,57.6352459947853,4.14215488699481,9.54978728756544,5748559.21742644
0.358876134909557,5053076.06387695,0.594612269599539,0.601144132257188,0.0476255874891952,0.399154840314951,0.201963142703492,0.644213746162118,62.4614172086811,4.13701608250314,9.99762005106713,6111938.25262207
0.34364817801362,4921789.54060709,0.579988804245006,0.637870588972246,0.051927502124713,0.413697927555012,0.203921719966289,0.59206384755254,62.9197095206992,4.01297288923868,10.3894764702124,6067416.97420366
0.332927854381631,4807822.11848372,0.549177618791396,0.614836495347562,0.0507876965254028,0.403241277355141,0.209992934110476,0.650528706514875,61.1183591061825,4.12578131471752,9.95334002384791,6164313.95730994
0.366844511521807,5204293.74179354,0.565693580700965,0.621554267784368,0.0500570129820577,0.390328816126511,0.209332615004135,0.625442319684649,61.8561975556293,4.16468739604913,10.1229265592916,6139937.7051977
0.347149971537913,5147179.39053104,0.57323937016201,0.610275953734417,0.0477935904353569,0.398218819739288,0.212037574629161,0.623603800352324,60.1276543696135,3.98323651710136,9.8292462552795,5972639.84219521
0.33269622709241,5186377.23193668,0.595874853469873,0.6067576402355,0.0495000476501577,0.399380168194775,0.21016247454639,0.605336008453324,61.9438222732911,3.85011983504382,10.0491894546443,5920456.31982353
0.36660206144354,4913851.94229575,0.553734559042537,0.618409487113428,0.0508240351334008,0.392742462891732,0.216262263002587,0.638049898108829,57.3259216954358,4.02010430395924,10.3669443981688,5874243.03050918
0.362129915636714,4884778.55351911,0.571919920087082,0.647198727308703,0.0522157533484458,0.412036429849381,0.200252794520386,0.640616012886557,58.3034780327492,4.0578970410299,10.1015746577874,6114280.39959333
0.365494884212585,4823747.12559556,0.559020909549475,0.658317408264586,0.0494212422551044,0.40725678622331,0.220056325141686,0.602693504161267,58.3342183206423,3.83867524052959,10.3744805075506,5710613.94363934
0.343090507267585,5059770.54145964,0.554615136264586,0.612309122658875,0.0496344171204583,0.395885133194154,0.211732911103163,0.631755099230761,62.8435304757951,3.81097338857778,9.66426975860209,5822930.37065443
0.350887590819117,4941626.07081457,0.580759516780934,0.613543658643868,0.0513283195055343,0.402695817533513,0.207199776400799,0.622061663849828,59.5488027733255,3.94014061229681,10.2564111878781,6135034.94070772
0.362530851469776,5090686.50418707,0.581902599570821,0.636937504677736,0.0506986107262082,0.387868829311222,0.211095602760658,0.620661584603914,58.5543678205776,4.00119099282513,9.83402447334008,5828851.09021087
0.345237912231271,4834823.79927823,0.585688139831783,0.629100518513377,0.0493106468161684,0.394902423282829,0.220262259494273,0.642356620214217,60.0437355800259,4.02936490581262,9.73338988374588,5718848.82407918
0.339650395695524,4886040.80772063,0.596826197108538,0.602473654477624,0.0490861138736171,0.396740499672507,0.211573893151568,0.649067859557061,57.9552781055321,4.18229597398414,9.8491739594401,5863898.10546491
0.348745507246001,5065160.17178896,0.581323953000981,0.622726421223446,0.0521812531677463,0.419315603952806,0.208664425839171,0.607547150231181,58.7979236890908,4.03247915608528,10.4321026068372,5961454.7350556
0.342288664067869,4945731.6999643,0.557989137479116,0.638669237063842,0.0509862755926473,0.411169325772478,0.200594489597339,0.632979386549657,61.186663388318,3.93749659526055,10.4483179121143,6177448.40567338
0.367436423067416,4980173.3813437,0.559760147803158,0.620478737663607,0.0477080107153207,0.393658391068418,0.215948222462781,0.593740179529335,58.3821229713862,4.17785539063562,10.464936358134,6222475.04723705
0.344202004536031,5248674.33076377,0.570593938695445,0.638947588523973,0.0504473991141816,0.388964075534025,0.205854338184642,0.598235232589226,57.4624484787976,3.89311969243383,9.92517883887506,6017702.79024807
0.366397653963003,4848586.35867384,0.546529766830782,0.6565899466571,0.0487213053070177,0.388114093582112,0.21403035501628,0.645262583532879,59.3722399142551,4.04870106687006,9.55100765357594,5736774.58288431
0.355340411709659,5232111.50267289,0.552897381354483,0.631815941965622,0.0478279439774941,0.40395214544319,0.202041575653402,0.595256492074041,57.379169216325,4.14696116530141,10.3229680150024,5704042.48661896
0.364173820184775,5026563.57604435,0.547592812351543,0.602099300877211,0.0501764852225664,0.414539870683128,0.20740132785851,0.649673003738722,58.1880541963769,4.07928822031628,9.60881355728393,5897378.62494525
0.336302415304255,4752398.14563861,0.594414988513569,0.619573627481213,0.0493933430304075,0.41247303048199,0.212557326518978,0.612053174149234,57.0857218408078,3.97673513539571,9.62691182070731,6205430.36875904
0.343978047931948,5173290.43355485,0.550936195963096,0.617887975881518,0.050138264124532,0.41557220738347,0.214877768515319,0.635100958734816,58.0767004804646,3.89643287097371,10.3931462504135,6058746.97658872
0.356675793122517,4788568.92630157,0.56541227741539,0.6270135995937,0.048242331602522,0.415767158877279,0.202737888593435,0.617949713752975,62.3605711828232,3.92739187690149,9.94501946500329,6157486.83360282
0.361883506741212,5151079.28315521,0.592811760424167,0.648233249753955,0.0479798512146742,0.414302773137722,0.207799704337225,0.631859585001952,62.2168947328161,4.1005099855716,10.0134365531872,6053402.44915526
0.353020383337193,4925110.73417037,0.583953087317257,0.625208027040723,0.051457586722226,0.405048906208282,0.219095580821616,0.634698345480782,57.8448680609768,3.87090842841624,9.52092016432331,6077584.27421853
0.340190237498984,5103222.25705453,0.582827850350194,0.623432780782559,0.0499966724454171,0.412838316650511,0.21694011895857,0.60248190458058,60.5285703901454,3.99755021588691,10.3074848535884,5745204.2816069
0.345958169897747,4814316.23035607,0.59628470682031,0.654769419058823,0.051626917540673,0.406187098836231,0.218838416244236,0.597308210572924,59.6525524892085,4.05395718203837,10.2238225079366,6102518.24085482
0.360538014937897,5016404.92469388,0.578096126440963,0.610546393445736,0.0518484553588532,0.417225101470882,0.210670436425306,0.614654332551037,60.8234211338851,4.00566591483847,9.51712475370421,5888954.05109771
0.359829477483331,5078849.76637856,0.561296341801959,0.651425259316982,0.0491954181692837,0.380494577785684,0.217410268793469,0.590357463515062,61.4477415531436,4.18851017352394,10.007682112386,6006246.26750933
0.354849017678391,5009790.8990354,0.551219844648345,0.628032176357194,0.0475442460882724,0.386932223313129,0.214558211053004,0.604452490611905,62.2724218136987,3.86222102380218,9.67674183889301,5727996.65667945
0.349779536957454,5131001.08592065,0.597547975125995,0.630231215516092,0.052333590151663,0.399629556183408,0.213823799137584,0.591416388946655,62.0826413339278,4.1945823520131,9.71466011857414,6171391.9864798
0.334638687949505,5110875.14064047,0.583220504903489,0.626245530714729,0.0496883590609524,0.418273203710321,0.206171621517223,0.613219771031985,59.417218818219,3.93489964732092,10.0631186106318,6280498.70333487
0.35444076112927,4872686.25075849,0.576343745570623,0.653424897973486,0.0484585440657227,0.391250008126475,0.215690376493762,0.637581581428024,57.7342798730685,4.17525291962306,10.4061917170158,5760121.14204308
0.35265800037816,5012236.20430692,0.579055858487029,0.614950370973325,0.0484097455445835,0.40469135057963,0.20677867037973,0.636418891399839,57.6774731001396,3.98440060552544,10.2324707970926,5978578.50173657
0.338058237717885,4798567.94757149,0.593436231141262,0.599504176327967,0.0513505695956716,0.397419283351491,0.201780268087246,0.635664869979106,60.1983767060255,4.0613656902238,9.59044660858777,6252181.03448506
0.366077306928208,4902280.2935099,0.555875768904454,0.611495859680031,0.050519658894114,0.410580560378183,0.218455469145114,0.627587535474176,57.1860157223815,3.8742546980165,10.1616243327028,5775490.06726457
0.356395385732327,5240627.35228451,0.555377231065833,0.617060073913607,0.0487599701519523,0.411970394838718,0.208514224829798,0.600475930094826,61.5176004414819,3.97583236939524,9.91187208707025,5836894.77021719
0.344513721123899,5227691.01427551,0.564209377685723,0.659240026176202,0.0515634121435617,0.398678971268408,0.206940285123513,0.642311659981423,59.8929163111161,4.15133394384413,10.2612641519832,5812402.09584405
0.335834147994111,4755698.73181609,0.569466986703301,0.60548489465105,0.050461461598503,0.385544886067006,0.201473227496555,0.617014278300446,58.8400712676899,3.94550645771188,10.1132969772941,5850311.44647511
0.344756464883965,5044705.1640676,0.591519905826396,0.641141462792719,0.0486236479234582,0.393540584469615,0.203668139209621,0.606381498663028,58.008568337181,4.1691312473192,10.1590856509099,5849597.0604324
0.341157485483046,5216517.71570716,0.543988703234004,0.661307006709534,0.0502293244243374,0.395200433852446,0.204628619987904,0.611197689266445,60.5715079412643,3.90794766634692,10.1397150687152,6258112.20480988
0.347336675857444,5087048.64279766,0.598350293024696,0.63213712056948,0.0497670886773275,0.380157343966359,0.219662315624197,0.646863486479571,60.3117477068624,3.80522229499921,9.89198752713517,5868232.40635863
0.339066731322865,5140840.50987216,0.568005054859555,0.609358372488656,0.051738393080195,0.394376341495444,0.219425766489102,0.601278805457528,62.9811899630628,4.15240911291041,10.4950742695355,6101917.71382842
0.342804690654385,4816048.05177027,0.589485219196429,0.6191531509557,0.048107817468581,0.394419232391048,0.199909841208238,0.646084683345237,61.0007423217621,3.91314634027348,9.64037398655368,5730290.03083763
0.346395132991098,5168842.01911654,0.595126422314248,0.598845559192607,0.0479405243445161,0.392987971210979,0.199706549912192,0.643610520493161,61.611234281431,4.19858657965836,9.61664903147258,6188802.21341307
0.363606221378588,4961705.88605842,0.544827375409734,0.633873662082692,0.0485101570112785,0.382031885426198,0.20951476258127,0.640275880916481,62.6000935160129,3.86733673724027,10.2810129462346,6151259.2614321
0.361423113141305,4791526.58959305,0.566869426222849,0.636544599276473,0.0492228702041567,0.381648608856235,0.204412703597514,0.615339821678493,58.6420766708567,3.90051968207525,9.88967493225756,5856301.74705801
0.358545447682772,5164508.91209434,0.548341538447696,0.660569801077687,0.0511528817263492,0.389815914825613,0.203709747350042,0.610618392040828,61.0583744906625,4.08338443158125,10.4532865030951,6022821.91015006
0.340691514425136,4843969.96646656,0.588454575640066,0.6468276621348,0.0502687934618639,0.417039163941063,0.20091939110774,0.629234007645958,61.8952066522529,4.18472677113162,9.81542743951094,6273727.41089378
0.356219227532509,5118015.32059887,0.543529946666837,0.64626391937679,0.0488099111725262,0.384604349449286,0.201269488656852,0.609108569104509,59.6187398558965,3.96940499037251,10.1438750594739,6216915.48248868
0.34023167725028,5220559.93548809,0.584626408241137,0.641872081679111,0.0495512298766826,0.396390619769891,0.216826432323896,0.633867726489591,60.4139882634994,4.12938428722814,9.50354453381701,5816221.32713653
0.363073166422447,5061160.78854859,0.574401836009055,0.642855816808899,0.0515437995397546,0.391999213788926,0.215357491985327,0.631063305323944,60.7614381209103,3.85462695187231,10.3534342908046,5800054.89197825
0.336681404464198,5021495.27903666,0.579657271477066,0.60478118466665,0.0516533624167601,0.403028945457089,0.205347162992335,0.629893002285466,62.57526666791,4.12327808619043,9.75889704731182,6121682.03567221
0.351062364005149,5177970.63294631,0.556437713324449,0.605119293529366,0.0499432602269878,0.390539400630783,0.200086955695483,0.601460068048748,58.9782932231393,3.8824721932155,9.76059330156611,6287087.98761027
0.353864553374679,5199617.84566412,0.59023444205855,0.616106468036019,0.0500496107048962,0.386751072965993,0.205071350466338,0.620475542648787,58.6049344764323,3.96004849150129,9.69003583572688,5934607.98085083
0.357754723351373,4954074.45002167,0.573473562193179,0.628617420155794,0.0492894896925703,0.401642519371919,0.202565240929831,0.606068827441081,59.0185268003198,4.07020996510481,9.56351333654928,6000987.20067408
0.357312547255963,4827001.65362611,0.576995854683698,0.633412984514813,0.0512555545827979,0.381336196177532,0.21284992617892,0.619102502644724,59.9467297737754,4.02511759032964,9.8656764013911,6194805.89828482
0.333698209623709,4782192.02781287,0.564475834308524,0.606486942353017,0.0489150591619778,0.385823448649088,0.213620856241705,0.647906990683798,60.4401532738628,3.95286385924889,10.4896775049816,5950312.4227798
0.337482699438182,4998657.03991599,0.563651266877179,0.621169800814419,0.052012418393132,0.397774883496572,0.218313481011995,0.628538129670276,61.2782420154107,3.82725210303182,9.87004104405047,5714931.50084229
0.33398891733182,4768833.83600595,0.557292854171422,0.616631720665335,0.05188922091701,0.418597375900257,0.214287096457853,0.592634481215459,57.0393053238588,3.91040799473784,10.0781835136053,6212042.40970968
