0.0442721724885471
0.0452646591193522
0.0413119851363324
0.0449400529424383
0.0427003984795184
0.046149295237021
0.042653452474858
0.0420174200119903
0.0414473217467562
0.0384165244000675
0.0436561517842571
0.0446285623170403
0.0383706259869232
0.0436096202982415
0.0455084861521872
0.0435269149711161
0.0439901053842053
0.0429642992509743
0.0470053837257665
0.0422435104794926
0.0433130191534741
0.0448992748203364
0.0447590740326898
0.0406180111155091
0.044803814130602
0.0404464400068167
0.0440312326307795
0.0411469625442219
0.044908835882496
0.0415555158430546
0.0443288660913032
0.0398604320107514
0.0403969174920718
0.0454619415766199
0.0450257840282817
0.0414987127393832
0.0397772042830276
0.0436209919667695
0.0422701101937329
0.042531166663698
0.0414147596748652
0.0393569102314923
0.0429530760599065
0.0441947480290165
0.0459529809818567
0.0434221611981165
0.0404869979613559
0.0444505344599806
0.0465425575308487
0.0438625727841751
0.0448449489477426
0.0423233725773858
0.0398601429617959
0.0402630972699843
0.0422827205421881
0.0420489672794021
0.0461181285097409
0.0431518425180963
0.0411547509946453
0.0404179069654076
0.0407655354157027
0.0423982774551886
0.0428105379942604
0.0409612716486796
0.0439752371252376
0.0415706803527191
0.0407112275377685
0.0416967757054824
0.0428190859933474
0.0471939979151581
0.0407253848396742
0.0416199082712781
0.040507333330218
0.0429861369198897
0.0419487476694226
0.043802994583006
0.0434731169523042
0.0402790259592301
0.0444982286263008
0.0411235005711206
0.0449191009904285
0.0480732120071555
0.0415815513619453
0.0447098510686227
0.0419194442309342
0.0475321172497409
0.0463844429111855
0.0433214898339229
0.0375559432345361
0.0457182615951657
0.041201399216784
0.0466146859227728
0.0407591554322582
0.0468886946671906
0.0459958116199294
0.0423237052446138
0.0444903436618707
0.0441652892610357
0.0452155436590661
0.0406698419669203
