0.505173537304728
0.371602769019143
0.388501021856231
0.528815071396134
0.503948485281063
0.391840606854167
0.561481149759422
0.562237796045074
0.467177059894967
0.566664309283278
0.394535454425065
0.481672764432004
0.533596118703043
0.381303005819342
0.368871304817956
0.458069673906955
0.410115759441585
0.564377633131939
0.414994532470787
0.511017619310271
0.382055743933464
0.43724866199384
0.362779124545273
0.636693863790358
0.389109845281947
0.600328146219276
0.552145073134367
0.502542343017308
0.456611252823536
0.564936733527479
0.500207421156738
0.540918216946528
0.558290172539179
0.446001881515285
0.53896217079548
0.60813305449271
0.57410712177025
0.548855544810159
0.627574202378704
0.613939535827925
0.4816639591802
0.547924958520964
0.630828871367508
0.509742916480671
0.4003310234465
0.545710382233526
0.540376454403483
0.418968799007706
0.371770237293737
0.461132494892795
0.530074962799048
0.530898243876912
0.636724150419575
0.524751002617879
0.436242348988868
0.6475430207732
0.444673628397019
0.557941993299998
0.647145559985115
0.582981967148444
0.472037283592785
0.439319875930171
0.44229177811186
0.582954617838364
0.420211138021805
0.507309084410489
0.517487607636351
0.513543272305645
0.638410832935131
0.421791949921783
0.618920438355795
0.439574075187591
0.644392366581923
0.519090941781187
0.519656690869771
0.451160061163298
0.507876347480363
0.608171278296522
0.462561594093401
0.635803251808528
0.425465829019937
0.380913280495267
0.587343773605089
0.451631880845243
0.645407511351642
0.411819948146055
0.45073148946385
0.562491397004165
0.579479812987986
0.488024971673377
0.597472837776626
0.417656392008085
0.559542191158452
0.4297878429551
0.500055093608524
0.56489427338787
0.511231777336209
0.462789218191639
0.379165967387285
0.414122647332032
